0.000000000000000000e+00 1.000000000000000000e+00
1.745240643728359839e-02 9.998751480228535993e-01
3.489949670250108021e-02 9.995006301225358714e-01
5.233595624294396648e-02 9.988765603808272830e-01
6.975647374412523305e-02 9.980031288954170909e-01
8.715574274765813811e-02 9.968806017219963289e-01
1.045284632676534570e-01 9.955093207932165233e-01
1.218693434051474900e-01 9.938897038145321217e-01
1.391731009600654656e-01 9.920222441369648259e-01
1.564344650402309245e-01 9.899075106068228047e-01
1.736481776669304145e-01 9.875461473924249667e-01
1.908089953765449154e-01 9.849388737878818079e-01
2.079116908177594536e-01 9.820864839939901225e-01
2.249510543438649202e-01 9.789898468763134076e-01
2.419218955996676745e-01 9.756499057005147968e-01
2.588190451025207395e-01 9.720676778450316746e-01
2.756373558169991633e-01 9.682442544911705751e-01
2.923717047227367694e-01 9.641808002907233943e-01
3.090169943749474513e-01 9.598785530112029507e-01
3.255681544571567554e-01 9.553388231588074708e-01
3.420201433256688239e-01 9.505629935792276886e-01
3.583679495453003794e-01 9.455525190364175714e-01
3.746065934159119593e-01 9.403089257694606795e-01
3.907311284892737158e-01 9.348338110276619428e-01
4.067366430758002083e-01 9.291288425840101839e-01
4.226182617406994413e-01 9.231957582271588247e-01
4.383711467890774593e-01 9.170363652320779879e-01
4.539904997395468045e-01 9.106525398095411949e-01
4.694715627858909168e-01 9.040462265346136395e-01
4.848096202463371140e-01 8.972194377543160071e-01
5.000000000000001110e-01 8.901742529746431432e-01
5.150380749100541555e-01 8.829128182271271941e-01
5.299192642332049008e-01 8.754373454151350709e-01
5.446390350150270843e-01 8.677501116401022951e-01
5.591929034707467938e-01 8.598534585079045112e-01
5.735764363510459374e-01 8.517497914155821581e-01
5.877852522924731371e-01 8.434415788186336860e-01
6.018150231520483784e-01 8.349313514790995816e-01
6.156614753256582917e-01 8.262217016946681314e-01
6.293203910498375020e-01 8.173152825090355122e-01
6.427876096865393629e-01 8.082148069037644600e-01
6.560590289905072758e-01 7.989230469718824335e-01
6.691306063588582376e-01 7.894428330734759580e-01
6.819983600624984765e-01 7.797770529735355005e-01
6.946583704589972541e-01 7.699286509623139985e-01
7.071067811865475727e-01 7.599006269584676065e-01
7.193398003386511919e-01 7.496960355952515531e-01
7.313537016191704598e-01 7.393179852900492177e-01
7.431448254773942441e-01 7.287696372975180914e-01
7.547095802227720140e-01 7.180542047466405009e-01
7.660444431189779024e-01 7.071749516619745268e-01
7.771459614569709018e-01 6.961351919693993251e-01
7.880107536067219032e-01 6.849382884866619392e-01
7.986355100472928292e-01 6.735876518990296935e-01
8.090169943749474513e-01 6.620867397203635818e-01
8.191520442889917986e-01 6.504390552399249570e-01
8.290375725550417352e-01 6.386481464552402620e-01
8.386705679454240503e-01 6.267176049913463221e-01
8.480480961564259568e-01 6.146510650067468218e-01
8.571673007021123336e-01 6.024522020864124805e-01
8.660254037844387076e-01 5.901247321221614328e-01
8.746197071393957412e-01 5.776724101807640954e-01
8.829475928589269884e-01 5.650990293601120262e-01
8.910065241883678988e-01 5.524084196338039376e-01
8.987940462991670376e-01 5.396044466844996945e-01
9.063077870366499367e-01 5.266910107263943486e-01
9.135454576426008666e-01 5.136720453171758072e-01
9.205048534524403747e-01 5.005515161598255158e-01
9.271838545667874243e-01 4.873334198946259188e-01
9.335804264972017430e-01 4.740217828817462897e-01
9.396926207859084279e-01 4.606206599747733610e-01
9.455185755993168462e-01 4.471341332855642281e-01
9.510565162951535312e-01 4.335663109407951188e-01
9.563047559630354355e-01 4.199213258305870555e-01
9.612616959383188942e-01 4.062033343495862758e-01
9.659258262890683122e-01 3.924165151308871002e-01
9.702957262759964729e-01 3.785650677731796088e-01
9.743700647852352459e-01 3.646532115615107039e-01
9.781476007338056888e-01 3.506851841820499138e-01
9.816271834476639757e-01 3.366652404312481250e-01
9.848077530122080203e-01 3.225976509197861497e-01
9.876883405951377704e-01 3.084867007717049803e-01
9.902680687415703620e-01 2.943366883191155803e-01
9.925461516413219831e-01 2.801519237928852268e-01
9.945218953682732899e-01 2.659367280096995301e-01
9.961946980917455452e-01 2.516954310558996988e-01
9.975640502598241977e-01 2.374323709684965089e-01
9.986295347545738332e-01 2.231518924137618487e-01
9.993908270190957621e-01 2.088583453638016563e-01
9.998476951563912696e-01 1.945560837715119840e-01
1.000000000000000000e+00 1.802494642443230044e-01
9.615841810550964652e-01 -4.025928817505006196e-02
9.614377271267842140e-01 -5.401630719676894093e-02
9.609984099531327928e-01 -6.776913569722654851e-02
9.602663633544088473e-01 -8.151358443163504719e-02
9.592418103190981649e-01 -9.524546670776443125e-02
9.579250629359802316e-01 -1.089605996612496852e-01
9.563165222990634984e-01 -1.226548055297316947e-01
9.544166783854082237e-01 -1.363239129254441573e-01
9.522261099058749734e-01 -1.499637581058587688e-01
9.497454841288427430e-01 -1.635701862420013697e-01
9.469755566769537669e-01 -1.771390526840532775e-01
9.439171712969429695e-01 -1.906662242238517102e-01
9.405712596026239991e-01 -2.041475803539049838e-01
9.369388407911117822e-01 -2.175790145225389716e-01
9.330210213323640867e-01 -2.309564353847927964e-01
9.288189946321412371e-01 -2.442757680486817851e-01
9.243340406684815713e-01 -2.575329553164492635e-01
9.195675256018093213e-01 -2.707239589204282204e-01
9.145209013587882740e-01 -2.838447607531366379e-01
9.091957051900504405e-01 -2.968913640912324015e-01
9.035935592019350704e-01 -3.098597948129533375e-01
8.977161698623794539e-01 -3.227461026086735907e-01
8.915653274811119466e-01 -3.355463621842061928e-01
8.851429056643064230e-01 -3.482566744564854488e-01
8.784508607438636929e-01 -3.608731677412657102e-01
8.714912311814938528e-01 -3.733919989324737676e-01
8.642661369477810940e-01 -3.858093546728559864e-01
8.567777788764197044e-01 -3.981214525155643003e-01
8.490284379938201065e-01 -4.103245420763260154e-01
8.410204748242841033e-01 -4.224149061758467050e-01
8.327563286709688262e-01 -4.343888619720996935e-01
8.242385168728483258e-01 -4.462427620821552421e-01
8.154696340379106179e-01 -4.579729956932084289e-01
8.064523512528132265e-01 -4.695759896624681073e-01
7.971894152692450275e-01 -4.810482096055704315e-01
7.876836476672383069e-01 -4.923861609731867706e-01
7.779379439956893849e-01 -5.035863901154975508e-01
7.679552728903452641e-01 -5.146454853342067315e-01
7.577386751695290856e-01 -5.255600779217790564e-01
7.472912629078769520e-01 -5.363268431875800601e-01
7.366162184883698894e-01 -5.469425014706100763e-01
7.257167936329498303e-01 -5.574038191385197738e-01
7.145963084120127151e-01 -5.677076095726064642e-01
7.032581502330834677e-01 -5.778507341384886420e-01
6.917057728089784918e-01 -5.878301031421652167e-01
6.799426951057716551e-01 -5.976426767711653376e-01
6.679725002708826187e-01 -6.072854660205048161e-01
6.557988345416163600e-01 -6.167555336031665947e-01
6.434254061344828468e-01 -6.260499948448264851e-01
6.308559841156387016e-01 -6.351660185625528365e-01
6.180943972527939145e-01 -6.441008279272121273e-01
6.051445328489309938e-01 -6.528517013093186883e-01
5.920103355581955995e-01 -6.614159731080685445e-01
5.786958061843163748e-01 -6.697910345633077966e-01
5.652050004619211254e-01 -6.779743345501862972e-01
5.515420278211213834e-01 -6.859633803562545928e-01
5.377110501357396100e-01 -6.937557384407685435e-01
5.237162804555628437e-01 -7.013490351759691377e-01
5.095619817230055970e-01 -7.087409575701132392e-01
4.952524654745778521e-01 -7.159292539720321091e-01
4.807920905275483436e-01 -7.229117347570073182e-01
4.661852616522064174e-01 -7.296862729937508840e-01
4.514364282301271958e-01 -7.362508050922895730e-01
4.365500828988461146e-01 -7.426033314325539703e-01
4.215307601833585549e-01 -7.487419169734829127e-01
4.063830351148589037e-01 -7.546646918424542161e-01
3.911115218371424285e-01 -7.603698519048679438e-01
3.757208722010919599e-01 -7.658556593137019197e-01
3.602157743476792073e-01 -7.711204430388771680e-01
3.446009512799118046e-01 -7.761625993762699682e-01
3.288811594241599634e-01 -7.809805924362153151e-01
3.130611871813042124e-01 -7.855729546113543460e-01
2.971458534681412078e-01 -7.899382870236814069e-01
2.811400062494953112e-01 -7.940752599506555320e-01
2.650485210614813569e-01 -7.979826132302475505e-01
2.488762995263694988e-01 -8.016591566447970330e-01
2.326282678595029685e-01 -8.051037702835645016e-01
2.163093753687258536e-01 -8.083154048838668837e-01
1.999245929467756422e-01 -8.112930821506929568e-01
1.834789115571006102e-01 -8.140358950547021966e-01
1.669773407135651810e-01 -8.165430081085134351e-01
1.504249069545025852e-01 -8.188136576212037276e-01
1.338266523115828333e-01 -8.208471519309351594e-01
1.171876327739610757e-01 -8.226428716156420906e-01
1.005129167481742941e-01 -8.242002696817131158e-01
8.380758351425551811e-02 -8.255188717306104484e-01
6.707672167853601097e-02 -8.265982761033763282e-01
5.032542762360663752e-02 -8.274381540029823734e-01
3.355880395590954413e-02 -8.280382495944844656e-01
1.678195795143604466e-02 -8.283983800829518573e-01
0.000000000000000000e+00 -8.285184357691492973e-01
