     #X       NACA 63A-609-Re=  500000-Alpha= 8.00-NCrit=  9.0-XTrTop=0.015-XtrBot=1.000    
            1        0.02078552  
    0.9964352        0.02253758  
    0.9908119        0.02191348  
    0.9829793        0.02124793  
    0.9727354        0.02029599  
     0.959837        0.01933285  
     0.944065         0.0142534  
    0.9251458       0.001897375  
    0.9028954       -0.02073644  
    0.8771009       -0.05624649  
    0.8476655        -0.1100614  
    0.8145595        -0.1928126  
    0.7778341        -0.2810197  
    0.7376551        -0.3650904  
    0.6943108        -0.4513656  
    0.6482049        -0.5367891  
    0.5998486        -0.6211509  
    0.5498494        -0.7043619  
    0.4988922        -0.7865629  
    0.4477146        -0.8668914  
    0.3970774         -0.942708  
    0.3477334         -1.009711  
    0.3003956         -1.074693  
    0.2557081         -1.130981  
    0.2142211         -1.195242  
    0.1763695         -1.266674  
    0.1424543         -1.346397  
    0.1126324         -1.438882  
    0.0869504         -1.550297  
   0.06535967         -1.674168  
   0.04758067          -1.83261  
   0.03341342          -2.04251  
   0.02243345         -2.508967  
   0.01423079         -3.556993  
   0.00838357         -3.634452  
   0.00444461         -3.745329  
   0.00195136         -4.009925  
   0.00054023         -4.483355  
  -0.00013015         -4.601033  
  -0.00039027         -4.758177  
  -0.00045555         -4.963636  
  -0.00039026         -4.259413  
  -0.00011713          -2.92199  
   0.00051777         -1.462557  
   0.00195516        -0.1066925  
   0.00439708         0.6417679  
   0.00832301          0.969104  
   0.01416934         0.9923292  
   0.02234997         0.9285671  
   0.03333167         0.8456172  
   0.04752485         0.7616416  
   0.06524122         0.6858703  
   0.08686267         0.6166926  
    0.1125136         0.5570801  
    0.1423038         0.5036931  
    0.1762164         0.4567853  
    0.2140692         0.4152838  
    0.2555524          0.378624  
    0.3002339         0.3444713  
    0.3475672         0.3178694  
      0.39691         0.2971208  
    0.4475503         0.2839531  
    0.4987355         0.2769536  
    0.5497034         0.2741626  
    0.5997151         0.2744356  
     0.648085         0.2769534  
    0.6942049         0.2810223  
    0.7375634         0.2848528  
    0.7777577         0.2865298  
    0.8144968         0.2734869  
    0.8476127         0.2332986  
    0.8770558         0.2011589  
    0.9028617         0.1722199  
    0.9251197         0.1452365  
    0.9440443         0.1206554  
    0.9598222         0.0852161  
    0.9727244        0.03729278  
    0.9829702       -0.02268441  
    0.9908061       -0.06544014  
    0.9964315        -0.1548611  
            1        0.02078552  

